hello world,a948904f2f0f479b8f8197694b30184b0d2ed1c1cd2a1ec0fb85d299a192a447
transcend,b532db46bbf329a79b5ead946830db4961c682a7a3b7bed748863badf49ced64
california,86a1ddb2d75991ff5b490bfd9ebb4b800de483e824547a100a899e871b662d54
new york,0b2b88f1191fb48de09bfa72b8fc2e5b624bfe5d3c033f7f4e4d597f657af2ab
philidelphia,bc2dea4c983da9398d1e6b371e54dd3002496a3bd9d124fdc9210c0dcf81af12
washington,923811fdf63ba9b705f8dcb3dd3c0112c3773480fc9cc8a738e78ce4fb76dfd2
Washington,5df80e54958e675172bfbfed04cb938e6a347a08bc5098fb84aa1c5e3a153521
Boston,5f88e4ed8b2ecab081b7e3dc78bb903946dcf4cc4a3cd8af318a44ffd36be611
texas,16ea195a4253bd5db86f3b821125acb9d21ff88e4dc1119ebb1c916960d0a871
boston,18cef0a1f7ce14e49c9cc6c1defd3274a28d017d99e13f11a10629cfffc15dd6
